Liczba organizmów:
124
Szerokość:
20
Wysokość:
20
A 4 4 10 12 70
O 4 4 7 1 70
O 22 4 5 13 70
X 11 4 4 19 70
Z 2 1 12 11 70
Z 2 1 13 13 70
G 0 0 19 9 70
T 0 0 6 0 70
J 99 0 5 1 70
M 0 0 2 9 62
M 0 0 2 13 60
M 0 0 2 11 58
G 0 0 5 8 56
T 0 0 5 0 54
M 0 0 1 9 52
M 0 0 1 11 52
M 0 0 3 9 48
M 0 0 2 8 48
M 0 0 2 12 46
G 0 0 18 9 44
M 0 0 1 8 44
M 0 0 1 13 42
M 0 0 0 9 42
J 99 0 4 1 40
M 0 0 0 11 40
G 0 0 19 8 38
M 0 0 3 8 38
M 0 0 0 8 38
G 0 0 6 7 36
M 0 0 3 11 34
M 0 0 2 7 34
M 0 0 1 12 34
M 0 0 0 10 34
J 99 0 3 1 34
M 0 0 2 10 32
M 0 0 1 10 32
G 0 0 9 8 32
M 0 0 0 7 32
M 0 0 0 13 30
M 0 0 1 14 30
M 0 0 0 12 30
T 0 0 4 0 28
G 0 0 5 7 28
M 0 0 1 7 28
G 0 0 18 8 26
M 0 0 3 7 26
M 0 0 2 6 26
G 0 0 10 8 26
J 99 0 6 1 24
G 0 0 17 9 24
M 0 0 0 14 24
M 0 0 2 14 24
M 0 0 3 10 22
M 0 0 3 12 22
G 0 0 18 10 22
M 0 0 4 7 20
G 0 0 19 10 19
M 0 0 3 13 19
M 0 0 3 6 19
M 0 0 0 15 19
J 99 0 2 1 17
G 0 0 16 9 17
M 0 0 4 12 17
G 0 0 5 6 15
J 99 0 3 0 14
G 0 0 17 8 14
G 0 0 17 10 14
M 0 0 3 14 14
M 0 0 5 10 12
M 0 0 1 15 12
G 0 0 18 7 12
M 0 0 2 15 12
M 0 0 4 6 12
G 0 0 19 7 11
M 0 0 1 6 11
G 0 0 7 7 10
M 0 0 0 6 10
M 0 0 2 5 10
J 99 0 7 1 10
M 0 0 3 5 10
M 0 0 4 13 10
J 99 0 5 2 9
G 0 0 8 8 9
G 0 0 6 6 9
M 0 0 6 11 9
M 0 0 0 16 8
G 0 0 6 8 7
G 0 0 5 5 7
M 0 0 4 14 7
M 0 0 3 15 7
M 0 0 4 5 7
G 0 0 15 9 6
G 0 0 16 10 6
J 99 0 6 2 5
G 0 0 18 11 5
G 0 0 16 8 5
M 0 0 6 12 5
M 0 0 3 4 5
M 0 0 4 9 4
M 0 0 4 8 4
G 0 0 17 7 4
G 0 0 17 11 4
M 0 0 1 16 4
M 0 0 2 16 4
M 0 0 0 5 4
M 0 0 7 11 4
J 99 0 3 2 3
G 0 0 9 7 3
M 0 0 4 10 3
M 0 0 1 5 3
M 0 0 5 13 3
M 0 0 4 11 2
G 0 0 9 9 2
G 0 0 8 7 2
M 0 0 0 17 2
J 99 0 2 0 1
M 0 0 6 10 1
M 0 0 5 11 1
M 0 0 5 14 1
M 0 0 4 15 1
M 0 0 5 12 0
G 0 0 7 8 0
G 0 0 6 5 0
M 0 0 2 4 0
